Data1_[(bpy)Fe(OH)(H2O)3]2+-CH4

 O                 0.83789600   -0.90937900    2.14012600
 C                 -4.04082200   -1.26493500   -0.01465200
 C                 -3.46020500    0.00456500   -0.01233800
 C                 -2.06926100    0.12444700   -0.00556000
 N                 -1.27196700   -0.97974600   -0.00128900
 C                 -1.83795200   -2.20332900   -0.00346000
 C                 -3.21736800   -2.39021000   -0.01008000
 C                 -1.35902700    1.42586400   -0.00246500
 C                 -1.99872100    2.66647900   -0.00525500
 C                 -1.23309400    3.83429000   -0.00168300
 C                  0.15898000    3.74235900    0.00466000
 C                  0.73875000    2.47797300    0.00712200
 N                 -0.00195600    1.35217600    0.00363200
 Fe                 0.85795800   -0.57489100    0.00749900
 O                  2.56595000   -0.09094900    0.01303800
 O                  1.16916000   -2.74255700    0.01097600
 O                  0.85272000   -0.91493900   -2.12442100
 H                 -5.12152000   -1.36846400   -0.01992500
 H                 -4.09296300    0.88377600   -0.01582800
 H                 -1.15259600   -3.04293500    0.00029400
 H                 -3.62773900   -3.39419100   -0.01158400
 H                 -3.07981300    2.73430900   -0.01007000
 H                 -1.72281100    4.80324100   -0.00380100
 H                  0.78658500    4.62687400    0.00766700
 H                  1.81398400    2.33929800    0.01202500
 H                  0.04651600   -0.91115900   -2.66965300
 H                  1.55814400   -0.49440200   -2.64806900
 H                  1.53874000   -0.48424500    2.66626600
 H                  1.61922900   -3.10323800    0.79596200
 H                  3.54149100   -0.05161800    0.01141500
 H                  1.62554600   -3.10415900   -0.76993500
 H                  0.02769900   -0.90325500    2.67941400
 C                  5.93212400    0.05609400   -0.02946700
 H                  6.55000700   -0.73714900   -0.45552700
 H                  6.56852700    0.85557300    0.35565800
 H                  5.35184900   -0.35773500    0.80560600
 H                  5.29344800    0.47064600   -0.81997400
 
Data2_[(bpy)Fe(OH)(H2O)3]3+-CH4

 O                 0.97303800   -0.81432200    2.13045800
 C                 -4.05346300   -1.41014100   -0.01517800
 C                 -3.50675300   -0.12656500   -0.01291200
 C                 -2.09135800    0.04551900   -0.00596200
 N                 -1.24489400   -1.03958400   -0.00165700
 C                 -1.77536200   -2.25778300   -0.00372200
 C                 -3.18272000   -2.49721100   -0.01042000
 C                 -1.45647000    1.34623100   -0.00272100
 C                 -2.18488900    2.57389200   -0.00572700
 C                 -1.50183100    3.78993400   -0.00164600
 C                 -0.10861700    3.76638600    0.00536700
 C                  0.56371900    2.50581100    0.00786900
 N                 -0.08372100    1.34658400    0.00395400
 Fe                 0.97304600   -0.57909100    0.00805600
 O                  2.60872300    0.08752200    0.01363600
 O                  1.32588900   -2.70127000    0.01146500
 O                  0.98887400   -0.81884900   -2.11380300
 H                 -5.13064000   -1.55233700   -0.02044500
 H                 -4.16999900    0.73060200   -0.01645100
 H                 -1.07825000   -3.09076400   -0.00003300
 H                 -3.54807000   -3.52090400   -0.01173600
 H                 -3.26866800    2.57585900   -0.01104700
 H                 -2.04712100    4.72974000   -0.00382500
 H                  0.47813800    4.68138000    0.00892500
 H                  1.64865800    2.45820700    0.01324100
 H                  0.30459000   -1.07484600   -2.75843700
 H                  1.75669500   -0.49641300   -2.62250800
 H                  1.73559700   -0.48688900    2.64389300
 H                  1.75753600   -3.09313800    0.79526400
 H                  3.59414200    0.15287100    0.01103000
 H                  1.76481900   -3.09410700   -0.76779100
 H                  0.28367900   -1.06784900    2.77066200
 C                  5.84869800    0.26047900   -0.03255300
 H                  6.46587600   -0.53711900   -0.45118500
 H                  6.48287900    1.06484500    0.34605500
 H                  5.27628200   -0.14769400    0.81346600
 H                  5.21705500    0.67196500   -0.83304100
 
Data3_[(bpy)Fe(OH)(H2O)3]3+-H-CH3-TS

 O                 0.87405500   -0.80886800    2.35069000
 C                 -4.04536800   -1.39478700   -0.41124800
 C                 -3.48566100   -0.12131400   -0.32316800
 C                 -2.08213300    0.03101400   -0.14512400
 N                 -1.25808000   -1.06675400   -0.05939900
 C                 -1.80442500   -2.27464000   -0.14410500
 C                 -3.19727900   -2.49585100   -0.32017600
 C                 -1.44327500    1.32974900   -0.04229900
 C                 -2.16515800    2.55448300   -0.10539700
 C                 -1.48858900    3.76402500    0.00517100
 C                 -0.10150500    3.73768000    0.17705400
 C                  0.56221700    2.48435200    0.23065700
 N                 -0.07501600    1.32227200    0.12612900
 Fe                 0.91361000   -0.63740600    0.19408000
 O                  2.85910900    0.08251800    0.50340000
 O                  1.73498000   -2.69871600    0.25704200
 O                  1.32612300   -0.72187400   -1.90478500
 H                 -5.11583200   -1.52017800   -0.54679400
 H                 -4.13286700    0.74462600   -0.39161700
 H                 -1.13620900   -3.12699200   -0.07316600
 H                 -3.57399200   -3.51310500   -0.38072500
 H                 -3.24020600    2.56016200   -0.23781000
 H                 -2.02808200    4.70576300   -0.04074400
 H                  0.47576800    4.65350200    0.26964300
 H                  1.63916300    2.43826100    0.36174900
 H                  1.59681600   -1.53891800   -2.36056900
 H                  1.32354700   -0.01667900   -2.57598200
 H                  0.57556600   -0.17645900    3.02849200
 H                  1.38557300   -3.60416000    0.18012500
 H                  3.22993800    0.14129900    1.40287000
 H                  2.69791200   -2.79997900    0.36784400
 H                  1.00055800   -1.66098400    2.80574000
 C                  5.33315000    0.52123800   -1.12834700
 H                  5.93266100    0.73569800   -0.24702300
 H                  5.01972400    1.35913100   -1.74553100
 H                  3.62483200    0.21132000   -0.13558200
 H                  5.45694300   -0.44856000   -1.60301200
 
Data4_[(bpy)Fe(H2O)4]3++CH3·

 O                 0.76409200   -0.82555900    2.43774400
 C                 -4.02158600   -1.32165200   -0.50535200
 C                 -3.45186400   -0.05669400   -0.39780900
 C                 -2.04975300    0.07563900   -0.18455300
 N                 -1.24003100   -1.03446200   -0.08207500
 C                 -1.79485300   -2.23718900   -0.18517300
 C                 -3.18702300   -2.43566700   -0.39833600
 C                 -1.39122700    1.36163500   -0.06220600
 C                 -2.09036200    2.59993500   -0.14851700
 C                 -1.39653200    3.80140200   -0.02008800
 C                 -0.01968700    3.75137800    0.19193500
 C                  0.62058000    2.48201300    0.26783800
 N                 -0.03270100    1.33245300    0.14619600
 Fe                 0.93210700   -0.66325500    0.26833900
 O                  2.88934800    0.11075100    0.57580200
 O                  1.41958900   -2.74687500    0.33247400
 O                  1.44080800   -0.85790700   -1.84398200
 H                 -5.08957600   -1.43557700   -0.66794600
 H                 -4.08655500    0.81756600   -0.47814800
 H                 -1.12877500   -3.09064100   -0.09625800
 H                 -3.57727900   -3.44706200   -0.47292200
 H                 -3.16077800    2.62313200   -0.31376600
 H                 -1.91991000    4.75113500   -0.08410100
 H                  0.57261800    4.65580700    0.30025600
 H                  1.69194100    2.41734300    0.43398900
 H                  0.86425800   -1.18487200   -2.55744700
 H                  2.21317700   -0.46243100   -2.28687700
 H                  1.14707900   -0.23091200    3.10772500
 H                  1.72012700   -3.20882500    1.13737100
 H                  3.60186200    0.20895200   -0.12171200
 H                  1.88986900   -3.16089500   -0.41500300
 H                  0.12283600   -1.37885000    2.91880500
 C                  5.17924800    0.40878800   -1.37390600
 H                  4.80496600    1.09654800   -2.12840800
 H                  5.35073200   -0.62768200   -1.65340500
 H                  5.79089500    0.82510700   -0.57679500
 H                  3.37450800   -0.02995600    1.40966600