Data5_[(bpy)Fe(OH)4]-

 O                 1.40722500   -0.49615900    1.92645200
 C                 -3.28596700   -2.11905700   -0.00233200
 C                 -3.03374800   -0.74808700   -0.00213200
 C                 -1.70238000   -0.30547400    0.00270400
 N                 -0.68359700   -1.17610500    0.00518100
 C                 -0.91755400   -2.48741200    0.00151600
 C                 -2.21339000   -3.01109300   -0.00116600
 C                 -1.30463900    1.13264300    0.00157100
 C                 -2.21893300    2.19675300    0.00247700
 C                 -1.73023800    3.50226300    0.00063800
 C                 -0.35176400    3.71623600    0.00083600
 C                  0.49075800    2.60113100    0.00207800
 N                  0.01663600    1.35616700    0.00125200
 Fe                 1.64852400   -0.45135100   -0.00005600
 O                  3.05534400    0.89844000    0.10480500
 O                  2.16480800   -2.33205900   -0.11457900
 O                  1.44920700   -0.29634200   -1.92583700
 H                 -4.31106400   -2.48343300   -0.00480400
 H                 -3.85961800   -0.04349200   -0.00585900
 H                 -0.00772700   -3.08852900   -0.01042400
 H                 -2.37320700   -4.08586400   -0.00306800
 H                 -3.28947700    2.01696000    0.00438800
 H                 -2.42220900    4.34178900    0.00008600
 H                  0.06333700    4.72041400    0.00051900
 H                  1.58050500    2.64703700    0.01400100
 H                  1.73364600   -1.17969900   -2.21085500
 H                  2.10719300    0.11000600    2.21789900
 H                  2.31220600   -2.49282300    0.83247100
 H                  3.26798100    0.95385300   -0.84180000
 
Data6_[(bpy)Fe(OH)3(H2O)]

 O                 0.40814300   -1.52114200   -2.13802600
 C                  2.40290500    3.04699100    0.05261100
 C                  1.01582800    2.91628400    0.01557200
 C                  0.45521400    1.63461300   -0.01605400
 N                  1.23469900    0.53774200   -0.01894600
 C                  2.56408300    0.65867700    0.03097700
 C                  3.19624500    1.90140600    0.06660800
 C                 -1.00763000    1.36980300   -0.02198600
 C                 -1.98105700    2.37454500    0.01602700
 C                 -3.32637900    2.01168400    0.04095800
 C                 -3.66837700    0.66077500    0.03442400
 C                 -2.64169000   -0.28297400   -0.00742500
 N                 -1.35272900    0.06912700   -0.04235200
 Fe                 0.30083800   -1.50812600   -0.29056100
 O                 -1.08776600   -2.73582000    0.22495000
 O                  1.91833500   -2.31337600    0.28056900
 O                  0.23550300   -1.54536000    2.27888100
 H                  2.85496300    4.03449700    0.07622400
 H                  0.38727400    3.79940900    0.01445900
 H                  3.10050000   -0.28505200    0.05583200
 H                  4.27881900    1.96229000    0.10563800
 H                 -1.70125200    3.42172700    0.03130700
 H                 -4.09547600    2.77829500    0.07090900
 H                 -4.70418600    0.33876800    0.06294900
 H                 -2.81572700   -1.35508900   -0.00341900
 H                  1.07252500   -2.01208700    2.08956400
 H                 -0.44234100   -2.15528300    1.90594500
 H                 -0.34839700   -1.96069700   -2.55675700
 H                  2.34693600   -2.77741300   -0.45511500
 H                 -0.77777800   -3.65142600    0.14486700
 
Data7_[(bpy)Fe(OH)2(H2O)2]+

 O                 1.33961100   -1.21448100   -1.93634800
 C                  0.33214100    3.85356000    0.01732900
 C                 -0.75402800    2.98068700   -0.02030300
 C                 -0.52380800    1.60151500   -0.02380200
 N                  0.73431600    1.10633700    0.00270700
 C                  1.77765800    1.94669400    0.03800300
 C                  1.62370400    3.33147600    0.04924900
 C                 -1.61276100    0.59153200   -0.05232500
 C                 -2.97240100    0.91209800   -0.00616200
 C                 -3.91730800   -0.11325700   -0.01840000
 C                 -3.48958000   -1.43919200   -0.06555500
 C                 -2.12068100   -1.68909400   -0.10491300
 N                 -1.21481100   -0.69969700   -0.11087600
 Fe                 0.90278300   -1.11225400   -0.15239100
 O                  0.81185000   -2.86013400    0.47543900
 O                  3.13426000   -0.89059100   -0.08617500
 O                  0.89022800   -0.90703400    2.12419400
 H                  0.16763300    4.92659100    0.02012300
 H                 -1.76219800    3.37587800   -0.04980000
 H                  2.75895300    1.48391500    0.05970200
 H                  2.49581500    3.97547800    0.07933200
 H                 -3.29858800    1.94366000    0.04722200
 H                 -4.97589200    0.12493200    0.01699600
 H                 -4.19364500   -2.26391600   -0.06512200
 H                 -1.71530700   -2.69499800   -0.11668400
 H                  1.64589900   -0.53692400    2.60797100
 H                  0.90074700   -1.87328400    2.27422400
 H                  0.73234400   -1.03538700   -2.67017600
 H                  3.17111500   -0.97742200   -1.06320400
 H                  0.94058600   -3.56229800   -0.18241000
 H                  3.55842200   -1.69228600    0.26556300
 
Data8_[(bpy)Fe(OH)(H2O)3]2+-fac

 O                 1.73168800   -0.00565200    1.92328800
 C                 -2.62284400   -2.89897600   -0.00939900
 C                 -2.72245200   -1.50675800   -0.03104500
 C                 -1.56050000   -0.73327500   -0.00675000
 N                 -0.33821200   -1.32834000    0.03128800
 C                 -0.24100200   -2.67133500    0.05621900
 C                 -1.36230500   -3.49478200    0.03624900
 C                 -1.55339400    0.74857200   -0.00724900
 C                 -2.70788800    1.53305400   -0.03316900
 C                 -2.59497400    2.92427400   -0.01232400
 C                 -1.32884200    3.50794700    0.03402300
 C                 -0.21545100    2.67377300    0.05539400
 N                 -0.32550200    1.33185700    0.03146100
 Fe                 1.31992900   -0.00643000    0.17642300
 O                  2.77331900    1.56635900   -0.10853100
 O                  2.75676100   -1.59248600   -0.11088000
 O                  1.51219400   -0.01148800   -2.07059100
 H                 -3.52171900   -3.50758000   -0.02513800
 H                 -3.69900900   -1.03893000   -0.06202900
 H                  0.76300000   -3.07930200    0.09097300
 H                 -1.24356400   -4.57261700    0.05834000
 H                 -3.68883100    1.07456300   -0.06496100
 H                 -3.48796200    3.54145000   -0.02930000
 H                 -1.19977400    4.58460500    0.05553600
 H                  0.79231400    3.07237500    0.09047000
 H                  1.18449300   -0.77913800   -2.57199300
 H                  1.22636600    0.76960900   -2.57683600
 H                  1.19120100   -0.00584800    2.73284900
 H                  3.24399500   -1.81236300    0.70503100
 H                  3.25318000    1.77956000    0.71360100
 H                  3.37636400   -1.68638700   -0.85584600
 H                  3.40400100    1.65373700   -0.84494100
 
Data9_[(bpy)Fe(OH)(H2O)3]2+-mer

 O                -0.98867400   -1.18117000    2.13149600
 C                 -0.99078800    3.72055000    0.00089100
 C                  0.23230900    3.04756100    0.00054700
 C                  0.24889700    1.65161100   -0.00005200
 N                 -0.91182600    0.93830900   -0.00031700
 C                 -2.09030400    1.59331100    0.00012600
 C                 -2.17409500    2.98275000    0.00071700
 C                  1.49385200    0.84685200   -0.00019000
 C                  2.77904400    1.39127700   -0.00058400
 C                  3.88607900    0.53970400   -0.00044200
 C                  3.68997200   -0.84176000    0.00009600
 C                  2.38592800   -1.32534900    0.00037300
 N                  1.31935000   -0.50120900    0.00021400
 Fe                -0.66028300   -1.21394000   -0.00029600
 O                 -0.29692600   -2.95760500   -0.00169700
 O                 -2.84206500   -1.36590400    0.00225400
 O                 -0.99248100   -1.17693800   -2.13162400
 H                 -1.01404500    4.80596600    0.00134800
 H                  1.15602200    3.61344800    0.00082500
 H                 -2.97830500    0.97185400    0.00003300
 H                 -3.14477600    3.46668100    0.00105600
 H                  2.92782400    2.46425100   -0.00102300
 H                  4.88916200    0.95509000   -0.00072200
 H                  4.52489900   -1.53400400    0.00027900
 H                  2.16588600   -2.38698100    0.00078800
 H                 -0.93695100   -0.36830300   -2.67060500
 H                 -0.61855600   -1.90373800   -2.66168800
 H                 -0.61714400   -1.91311300    2.65621200
 H                 -3.24597700   -1.77584300    0.78825900
 H                 -0.42206100   -3.92086400   -0.01440800
 H                 -3.24894500   -1.78197200   -0.77896900
 H                 -0.92653000   -0.37584400    2.67469900
 
Data10_[(bpy)Fe(H2O)4]3+

 O                -1.63609700   -0.02131500    2.17254300
 C                  2.73492700    2.88796600    0.01139900
 C                  2.80151700    1.49680100    0.00712200
 C                  1.60241700    0.72508100    0.00201000
 N                  0.36901100    1.33596000    0.00098300
 C                  0.31634400    2.66241400    0.00489600
 C                  1.47683100    3.48934300    0.01025000
 C                  1.60278900   -0.72422500   -0.00197600
 C                  2.80227500   -1.49534400   -0.00728900
 C                  2.73636000   -2.88652900   -0.01149900
 C                  1.47854400   -3.48853000   -0.01009100
 C                  0.31765200   -2.66217900   -0.00457100
 N                  0.36966500   -1.33570000   -0.00072100
 Fe                -1.41828000   -0.00010300    0.00014900
 O                 -2.85037500   -1.60730800    0.01415000
 O                 -2.85146100    1.60656100   -0.01491900
 O                 -1.63559900    0.01882700   -2.17246500
 H                  3.64232200    3.48529600    0.01557200
 H                  3.77195900    1.01516700    0.00829000
 H                 -0.67263300    3.11222400    0.00353400
 H                  1.36227000    4.57002700    0.01341500
 H                  3.77248500   -1.01324400   -0.00865600
 H                  3.64404200   -3.48342200   -0.01581600
 H                  1.36452600   -4.56927200   -0.01317400
 H                 -0.67110400   -3.11248700   -0.00303100
 H                 -1.53739400    0.79361500   -2.75492900
 H                 -1.62676600   -0.75187800   -2.76852300
 H                 -1.53212000   -0.79595000    2.75419800
 H                 -3.40836400    1.84392200    0.75029700
 H                 -3.39621100   -1.79914200    0.79991000
 H                 -3.39718400    1.79807600   -0.80082800
 H                 -1.63377500    0.74877400    2.76946700
 H                 -3.40718700   -1.84373300   -0.75142700
